33370
79447
92499
238409
301838
306006
313403
323335
364522
380526
427082
471735
474325
643765
791050
803312
834336
857189
1049501
1127562
1153655
1287809
1379127
1381673
1389264
1456068
1522647
1539159
1554348
1605196
1616661
1649738
1711571
1780819
1848452
1855679
1974176
2014909
2042250
2078658
2130391
2140497
2194320
2212067
2225918
2248870
2391552
2425364
2488880
2613411
2617858
2638387
2682251
2734421
2774906
2825380
3056682
3285322
3430789
3446400
3475317
3506723
3514540
3553087
3590806
3619372
3619931
3654468
3669694
3773719
3788528
3868322
3882374
3930020
3952288
3973445
3981613
4020950
4319174
4320111
4335423
4345757
4362729
4388470
4389252
4406819
4417177
4418070
4418269
4427060
4429932
4452318
4465608
4468861
4505748
4678846
4702639
4709641
4740447
4828631
4928282
4979184
4999633
5106691
5108807
5151024
5256564
5260382
5372432
5508750
5531479
5687200
5691302
5821617
5850219
5867846
5884524
5966635
5979056
6042706
6054657
6082738
6085365
6163801
6171953
6182947
6191684
6227220
6251620
6290112
6308416
6309659
6333347
6368017
6422576
6446747
6477536
6490571
6525844
6550579
6650933
6710713
6712836
6722522
6751418
6766459
6807122
6828370
6847208
7098463
7145763
7268522
7281161
7370282
7399084
7482674
7492250
7521113
7583161
7666498
7736860
7821634
8037453
8148122
8148304
8290953
8298120
8331432
8477699
8512633
8551160
8677721
8698857
8759633
8814634
8868863
9113824
9185195
9196472
9291596
9394119
9433958
9505448
9558539
9680193
9732010
9787715
9822397
9956893
10029891
10071552
10072941
10078024
10128893
10273147
10443642
10546779
10582939
10617916
10648422
10669582
10812605
10991183
11141995
11156883
11195653
11238951
11254556
11336632
11360768
11527199
11569583
11614737
11615242
11659421
11666252
11721286
11840194
11880289
11886686
11900630
11953232
12009265
12040627
12058271
12152977
12209494
12258338
12337611
12409683
12440953
12552297
12580014
12584053
12658073
12705056
12887068
13000926
13069283
13179318
13293033
13373629
13439128
13481880
13513790
13621186
13763195
13777138
13868795
13905670
13907427
13956305
13969173
14145440
14174055
14178995
14191255
14192687
14290854
14319754
14328288
14333540
14340571
14361849
14362780
14386505
14405193
14474178
14496749
14530534
14541844
14566771
14606752
14768471
14803797
14823313
14863011
14864285
14874811
14938990
15048300
15128866
15248287
15488881
15493354
15615957
15663829
15692098
15728433
15803282
15816729
15907458
15948830
16056514
16058322
16086778
16120395
16319097
16322674
16355392
16375102
16389141
16472469
16550075
16630060
16712164
16728949
16853734
16927286
17017465
17077004
17081238
17168045
17450673
17628888
17685207
17930286
18027063
18037805
18038955
18041692
18174210
18199839
18231807
18340282
18414462
18489989
18691097
18758057
18834078
18872233
18909530
18956141
19071857
19308127
19313533
19464037
19482914
19752008
19799455
19824183
19828689
19878070
19882228
19912367
19945096
20033112
20101846
20128547
20155713
20310709
20388894
20454006
20456030
20524091
20645538
20646904
20864487
20887554
20935673
20937018
21003930
21232018
21274919
21287352
21295300
21414718
21676556
22007333
22180793
22198971
22317868
22362025
22406695
22482024
22482820
22500262
22530842
22544171
22547508
22613657
22647695
22703082
22705234
22730024
22871664
22890091
22937651
22973574
22995164
22995579
22997657
23078022
23342845
23349986
23351136
23418635
23509113
23535770
23557241
23665162
23670644
23783727
23862975
23863551
23865182
23912923
23974474
23985464
24019260
24044977
24055603
24159217
24177706
24190159
24318630
24349992
24466904
24494539
24530633
24554740
24624992
24704139
24735908
24825841
24828165
24896957
24917562
25079962
25124117
25135304
25148216
25191216
25254425
25413327
25420421
25602549
25641414
25742130
25827024
25973484
25985964
25988622
26019505
26108767
26297042
26314743
26378103
26501027
26596106
26996935
27054878
27078065
27123743
27134527
27373088
27396415
27466734
27900414
27907205
27995781
28386343
28617573
28704738
28845338
28937856
29023309
29190724
29381091
29526125
29564505
29657303
30224907
30507607
30774694
30933307
31293581
31460499
33872649
34016987
35811036
36480032
36606083
36651210
37204802
37480103
37549932
39264456
40234452
40323148
40710501
40817021
41496215
43226130
43334921
44562221
45154987
47018050
49556906
52868579
